368 851
0 1 97.90800000000002
0 191 56.548
0 48 103.465
1 0 97.90799999999999
2 3 688.6229999999998
2 43 511.236
2 42 91.782
3 2 688.6230000000002
4 5 30.173000000000002
4 8 80.21399999999998
4 8 80.21399999999998
4 140 78.482
5 6 104.222
5 4 30.173
5 9 47.754000000000005
6 7 19.771
6 5 104.22200000000001
6 9 132.94599999999997
7 6 19.771
8 9 25.061
8 4 80.214
8 4 80.214
8 96 80.024
9 6 132.94599999999997
9 8 25.061
9 5 47.754
10 11 169.175
10 212 248.87599999999998
10 65 290.97200000000004
11 12 159.991
11 10 169.17499999999998
11 44 311.773
12 11 159.99099999999996
13 264 779.508
14 254 1058.8829999999998
14 53 785.4820000000001
15 300 153.942
16 17 145.275
17 74 12.103
17 16 145.275
17 299 459.531
18 144 46.986999999999995
19 208 4.345
20 94 102.48400000000001
21 22 30.461
21 128 113.54599999999998
21 298 59.99000000000001
22 21 30.461
22 154 298.888
23 77 18.36
23 76 20.758
23 24 20.378
24 228 45.722
24 228 45.722
24 23 20.378
24 229 23.237000000000002
25 258 36.589
25 94 97.156
25 93 136.69000000000003
26 90 336.8329999999999
26 26 79.113
26 26 79.113
27 324 757.9110000000002
27 326 238.36900000000003
28 29 20.519
28 220 79.06700000000001
29 124 259.317
30 31 25.951
30 167 64.191
31 30 25.951
31 126 396.36599999999993
32 33 112.496
32 165 237.546
32 164 112.18
33 32 112.49600000000001
34 35 826.5079999999999
34 178 1400.9219999999998
34 209 251.35899999999998
34 208 476.58
35 36 154.201
35 104 208.163
35 34 826.5079999999998
36 104 70.898
36 35 154.201
36 335 900.4740000000003
37 48 10.927
37 190 101.66
37 335 110.03999999999999
38 38 196.646
38 38 196.646
38 39 274.52900000000005
39 38 274.529
39 207 213.94000000000003
39 88 99.506
39 87 68.04599999999999
40 41 193.83999999999997
40 230 353.44800000000004
40 89 79.13499999999999
40 88 119.658
41 40 193.83999999999997
41 90 80.74600000000001
41 89 64.723
42 2 91.782
42 64 539.045
43 44 756.7759999999998
43 2 511.23600000000005
43 159 126.14
44 45 156.464
44 43 756.7760000000001
44 11 311.773
45 46 393.4319999999999
45 44 156.464
45 138 325.374
46 45 393.432
46 198 416.577
46 69 688.258
47 234 1242.516
48 37 10.927
48 49 327.91400000000004
48 0 103.465
49 48 327.91400000000004
50 51 147.436
51 52 69.65899999999999
51 50 147.436
51 55 200.77
52 51 69.65899999999999
53 54 157.178
53 79 211.776
53 14 785.482
53 106 533.3489999999999
54 55 783.178
54 53 157.178
54 111 219.046
55 56 666.855
55 54 783.1780000000001
55 51 200.76999999999998
56 299 606.047
56 233 432.84100000000007
56 300 751.601
56 55 666.8549999999999
57 334 35.598
57 337 150.89100000000002
57 339 300.173
58 59 290.553
58 99 802.9470000000001
58 113 302.273
59 58 290.553
60 61 276.3399999999999
61 60 276.34
61 78 184.53500000000003
61 79 904.8039999999999
62 63 865.9999999999998
63 62 866.0
63 165 296.30500000000006
63 114 348.01900000000006
63 240 177.559
64 65 201.32200000000003
64 42 539.045
64 101 604.2650000000002
65 66 425.28000000000003
65 64 201.32199999999997
65 10 290.97200000000004
66 67 368.97999999999996
66 65 425.28000000000003
66 68 1053.2099999999998
67 68 100.395
67 66 368.97999999999996
67 213 215.278
68 67 100.395
68 69 207.119
68 66 1053.2100000000003
69 68 207.119
69 106 510.10000000000014
69 46 688.258
69 197 438.29200000000003
70 71 414.384
70 72 251.96699999999998
70 328 95.10199999999998
71 70 414.384
71 214 47.08
71 213 173.506
72 73 80.16600000000001
72 70 251.967
72 213 277.492
73 72 80.166
74 223 92.76
74 17 12.103
74 75 579.028
75 223 58.801
75 74 579.0280000000001
75 192 323.496
76 23 20.758
77 23 18.36
78 61 184.53500000000003
79 61 904.8039999999999
79 239 197.576
79 53 211.776
79 242 444.31
80 81 342.887
80 226 268.778
80 83 30.025
81 80 342.887
81 216 129.03900000000002
81 83 551.5099999999999
82 83 296.743
82 248 12.051
82 206 225.94699999999997
83 82 296.743
83 81 551.5100000000001
83 80 30.025
84 288 33.296
84 120 185.661
84 85 507.46099999999996
85 170 114.423
85 86 149.057
85 84 507.461
86 141 281.5539999999999
86 210 65.262
86 87 73.416
86 85 149.057
87 141 259.99100000000004
87 39 68.04599999999999
87 86 73.41600000000001
88 146 179.06900000000002
88 207 289.95099999999996
88 40 119.658
88 39 99.506
89 230 289.23199999999997
89 41 64.723
89 40 79.135
90 91 7.705
90 26 336.833
90 41 80.746
91 90 7.705
91 252 77.56799999999998
91 92 237.29
92 247 159.594
92 93 156.667
92 91 237.29000000000002
93 174 129.522
93 104 68.922
93 25 136.69
93 92 156.667
94 20 102.48400000000001
94 25 97.156
94 175 285.43100000000004
95 193 173.582
96 97 18.999
96 227 54.567
96 8 80.024
96 179 153.098
97 96 18.999
97 98 87.875
97 177 63.506
98 97 87.875
99 100 271.58000000000004
99 114 877.9879999999997
99 58 802.947
100 99 271.58
101 64 604.2649999999998
102 180 14.319
102 103 68.783
102 227 30.976
103 102 68.783
104 36 70.898
104 35 208.16299999999998
104 93 68.922
105 105 158.78
105 105 158.78
105 146 156.94099999999995
106 277 224.351
106 69 510.1
106 53 533.349
107 187 353.822
107 108 544.572
108 157 226.77000000000004
108 309 235.30100000000002
108 107 544.5719999999999
109 268 78.279
109 268 78.279
109 110 56.641
109 176 77.349
110 109 56.641
111 54 219.046
112 113 27.807
112 115 15.794
113 115 29.939
113 58 302.27299999999997
114 206 161.93500000000003
114 63 348.019
114 99 877.9880000000004
115 323 30.973
116 307 23.901
116 117 308.431
117 292 25.476
117 290 382.604
118 287 28.729
118 293 487.288
118 209 1483.943
119 84 52.308
119 288 61.477000000000004
120 308 97.68100000000001
120 121 299.533
121 134 28.906
121 122 228.79399999999998
122 295 29.061
122 303 488.12600000000003
123 311 41.696
123 28 121.70400000000001
124 322 24.969
124 125 220.138
125 321 24.829
125 157 83.39500000000001
125 31 248.69799999999995
126 265 30.148
126 315 17.797
127 298 88.378
127 297 28.684
128 129 253.61800000000002
129 304 29.907
129 296 249.85699999999997
129 361 66.61500000000001
130 150 205.52499999999998
130 131 199.546
131 132 119.067
131 149 205.634
132 133 36.907
132 168 136.15699999999998
133 168 103.31
133 295 17.56
134 121 28.906
134 135 11.952000000000002
135 147 211.065
135 308 210.166
136 224 500.67600000000004
136 291 270.148
137 155 146.172
138 45 325.37399999999997
139 176 6.787
139 140 76.341
139 140 76.341
140 139 76.341
140 139 76.341
140 176 105.00399999999999
140 4 78.482
141 87 259.991
141 86 281.5539999999999
141 142 43.311
142 141 43.311
142 142 59.78300000000001
142 142 59.78300000000001
143 27 48.793000000000006
145 145 74.602
145 145 74.602
145 146 160.512
146 145 160.51199999999997
146 105 156.94100000000003
146 88 179.06899999999996
147 148 274.75699999999995
147 135 211.065
147 172 296.48900000000003
148 168 101.697
148 149 156.77100000000002
148 147 274.75699999999995
149 150 198.671
149 148 156.77100000000002
149 131 205.634
150 151 215.00600000000003
150 149 198.671
150 130 205.52499999999998
151 150 215.006
151 184 947.418
151 359 140.421
152 153 1254.435
152 183 1879.632
152 234 522.225
153 246 232.822
153 154 501.46099999999996
153 152 1254.4350000000002
154 22 298.88800000000003
154 158 545.0
154 153 501.46100000000007
155 323 15.633000000000001
156 311 252.70499999999998
156 123 225.867
157 125 83.39500000000001
157 158 611.461
157 108 226.77
158 265 133.303
158 154 545.0
158 157 611.461
159 43 126.14
160 202 224.24999999999997
161 334 20.39
161 162 464.6940000000001
161 188 68.82300000000001
162 161 464.694
162 305 163.576
163 164 75.767
164 32 112.17999999999998
164 163 75.767
164 182 361.21600000000007
165 32 237.546
165 63 296.30500000000006
165 250 351.8020000000001
166 167 394.996
167 166 394.996
167 321 179.517
168 169 27.405
168 133 103.31
168 148 101.697
168 132 136.157
169 168 27.405
170 85 114.42299999999999
171 172 81.08200000000001
172 147 296.48900000000003
172 171 81.08200000000001
172 358 131.458
173 173 957.9159999999999
173 173 957.9159999999999
173 196 358.802
174 175 246.16600000000005
174 93 129.522
174 249 79.00500000000001
175 94 285.43100000000004
175 174 246.16600000000005
175 255 76.268
176 139 6.787
176 140 105.004
176 109 77.349
177 228 44.186
177 227 24.211
177 97 63.506
178 34 1400.9219999999998
178 272 271.004
179 185 32.65
179 180 48.986000000000004
179 96 153.098
180 102 14.319
180 179 48.986
180 185 52.245000000000005
181 182 153.346
182 164 361.21600000000007
182 181 153.346
182 206 802.6889999999999
183 152 1879.6320000000003
183 325 348.837
184 151 947.4180000000001
184 327 353.694
185 179 32.65
185 186 50.995999999999995
185 269 79.217
185 180 52.245000000000005
186 185 50.996
187 238 316.439
187 107 353.822
188 189 53.598
188 161 68.82300000000001
188 334 67.656
189 266 112.57
189 188 53.598
189 190 158.644
189 365 160.51
190 37 101.66
190 360 194.205
190 189 158.644
191 280 193.64
191 192 154.221
191 0 56.548
192 75 323.4959999999999
192 193 278.06
192 191 154.221
193 95 173.582
193 194 141.123
193 192 278.05999999999995
194 195 286.34399999999994
194 193 141.123
194 348 135.606
194 217 192.642
195 329 317.082
195 196 639.343
195 194 286.344
196 173 358.802
196 197 199.888
196 195 639.3430000000002
197 340 357.76300000000003
197 69 438.29200000000003
197 196 199.888
198 205 501.022
198 46 416.577
199 263 59.64
199 200 435.745
199 235 129.46099999999998
200 199 435.745
201 202 814.0380000000004
202 240 385.551
202 160 224.25000000000003
202 201 814.0379999999999
203 204 142.00199999999998
203 237 44.268
204 203 142.00199999999998
204 307 75.03699999999999
204 237 84.291
205 198 501.02199999999993
206 182 802.6890000000002
206 82 225.947
206 114 161.935
207 39 213.94
207 281 87.285
207 88 289.95099999999996
208 19 4.345
208 34 476.58000000000004
208 345 1504.4549999999997
209 245 503.02500000000003
209 118 1483.943
209 34 251.359
210 211 67.77799999999999
210 211 67.77799999999999
210 253 82.068
210 86 65.262
211 210 67.77799999999999
211 210 67.77799999999999
211 281 114.54400000000003
212 10 248.876
213 71 173.506
213 67 215.278
213 72 277.492
214 215 115.549
214 71 47.08
214 341 219.659
215 214 115.549
216 81 129.03900000000002
216 226 185.675
216 225 78.87
217 218 154.607
217 194 192.642
217 300 78.989
218 217 154.607
219 123 71.232
219 112 303.18399999999997
220 219 12.018
221 274 683.154
221 322 71.637
222 320 24.669
222 267 190.47299999999998
222 317 161.56
223 75 58.801
223 74 92.76
223 275 125.28
224 136 500.67599999999993
225 216 78.87
226 80 268.778
226 216 185.675
226 244 578.098
227 177 24.211
227 102 30.976
227 96 54.56700000000001
228 24 45.722
228 24 45.722
228 177 44.186
229 24 23.237
230 89 289.232
230 40 353.4479999999999
230 231 25.782000000000004
231 231 75.925
231 231 75.925
231 230 25.782000000000004
232 233 690.221
233 232 690.2209999999999
233 56 432.841
233 244 259.06600000000003
234 47 1242.5160000000003
234 152 522.225
235 236 378.33600000000007
235 199 129.46099999999998
235 262 391.81600000000003
236 235 378.33599999999996
237 204 84.291
237 292 179.546
237 203 44.268
238 187 316.439
239 79 197.576
239 251 313.174
240 241 365.2220000000001
240 63 177.559
240 202 385.55100000000004
241 240 365.22200000000004
242 243 53.254000000000005
242 79 444.30999999999995
242 261 111.087
243 242 53.254000000000005
244 248 269.102
244 226 578.098
244 233 259.06600000000003
245 245 117.14000000000001
245 245 117.14000000000001
245 209 503.025
246 153 232.822
247 92 159.59400000000002
248 244 269.102
248 82 12.051
248 254 508.92900000000014
249 174 79.00500000000001
250 165 351.80199999999996
251 239 313.174
252 91 77.568
252 252 84.87299999999999
252 252 84.87299999999999
253 210 82.068
253 282 37.786
253 281 148.594
254 248 508.92900000000003
254 14 1058.883
254 276 149.659
255 256 62.41700000000001
255 175 76.26799999999999
255 259 81.937
256 257 24.128
256 255 62.417
256 260 72.81700000000001
257 258 41.456
257 258 41.456
257 256 24.127999999999997
258 25 36.589
258 257 41.456
258 257 41.456
259 255 81.937
260 256 72.817
261 242 111.08699999999999
262 235 391.81600000000003
262 319 31.534000000000002
263 199 59.64
263 286 325.961
263 264 165.12800000000001
264 13 779.508
264 299 280.644
264 263 165.128
265 158 133.303
265 315 38.429
266 189 112.57
266 338 180.714
266 335 275.23400000000004
267 268 29.181
267 270 316.81600000000003
267 222 190.473
268 109 78.279
268 109 78.279
268 267 29.181
268 279 122.57000000000001
269 270 53.913
269 185 79.217
269 278 54.768
269 283 28.066000000000003
270 269 53.913
270 286 117.057
270 267 316.81600000000003
271 272 86.754
272 273 28.691
272 271 86.754
272 178 271.004
273 272 28.691
274 221 683.1539999999999
275 223 125.28000000000002
276 254 149.65899999999996
277 106 224.35100000000003
277 306 495.52
277 342 46.983
278 278 118.08300000000001
278 278 118.08300000000001
278 269 54.768
279 268 122.57
280 191 193.64
281 253 148.594
281 207 87.285
281 211 114.54400000000001
282 282 66.711
282 282 66.711
282 253 37.786
283 284 15.468
283 285 32.564
283 269 28.066
284 283 15.468
285 283 32.564
286 270 117.057
286 263 325.961
286 360 432.484
287 136 68.04
287 118 28.729
288 84 33.296
288 294 475.043
289 288 72.426
289 84 77.316
290 291 30.136
290 118 338.888
291 290 30.136
291 292 391.57099999999997
292 117 25.476
292 237 179.54600000000002
292 307 306.797
293 294 29.008
293 119 427.556
294 293 29.008
294 287 488.548
295 122 29.061
295 134 230.927
296 303 28.092
296 130 118.138
297 21 34.857
297 22 39.682
298 305 26.378
298 128 63.984
298 21 59.989999999999995
299 17 459.53100000000006
299 56 606.0469999999999
299 264 280.644
300 15 153.942
300 217 78.989
300 56 751.6009999999999
301 302 251.81
302 303 214.238
302 301 251.81
302 344 291.44100000000003
303 296 28.092
303 302 214.238
303 304 251.85500000000002
304 129 29.907
304 162 148.82600000000002
305 298 26.378
305 339 71.604
305 336 79.36
306 277 495.5199999999999
307 116 23.901
307 204 75.03699999999999
308 289 193.923
309 108 235.30100000000002
309 313 31.875999999999998
310 28 30.083
310 29 27.781999999999996
311 312 103.58
312 309 43.707
312 313 29.839000000000002
313 310 13.787
314 112 33.399
314 156 36.986000000000004
315 316 27.528999999999996
315 318 154.71200000000002
316 262 23.131
316 319 16.139
317 318 24.964
317 316 150.472
318 317 24.964
318 320 158.10800000000003
319 126 28.152
319 30 405.845
320 222 24.669
320 127 506.92
321 125 24.829
321 221 146.68200000000002
322 124 24.969
322 349 126.383
323 314 15.168
324 183 197.79399999999998
325 18 317.13399999999996
325 326 319.055
326 184 225.757
327 18 551.1339999999999
327 324 340.499
328 70 95.102
329 345 10.057
329 195 317.08199999999994
329 330 179.039
330 346 5.63
330 331 167.414
331 330 167.414
331 332 210.60500000000002
331 348 77.51299999999999
332 331 210.60500000000002
332 346 167.284
332 333 120.13400000000001
333 333 65.461
333 333 65.461
333 332 120.13400000000001
334 161 20.39
334 57 35.598
334 188 67.656
335 266 275.23400000000004
335 37 110.04
335 36 900.4739999999999
336 222 528.837
337 57 150.891
338 266 180.714
339 336 122.95899999999997
339 57 300.173
339 305 71.604
340 197 357.763
341 214 219.659
342 277 46.983
342 367 354.053
342 343 357.106
343 342 357.10599999999994
344 302 291.441
345 329 10.057
345 208 1504.4550000000004
346 330 5.63
346 332 167.284
346 345 180.11900000000003
347 348 45.081
348 347 45.081
348 194 135.606
348 331 77.513
349 355 34.177
349 363 101.436
350 354 10.068
350 362 77.378
351 353 60.524
351 352 9.221
352 352 773.756
352 352 773.756
352 351 9.221
353 356 7.4
353 357 697.672
353 357 697.672
354 350 10.068
354 364 82.024
355 220 183.788
356 353 7.4
356 351 58.68899999999999
357 362 10.085
357 353 697.672
357 354 75.845
358 172 131.458
359 151 140.421
359 361 86.71700000000001
360 286 432.48400000000004
360 190 194.20499999999998
360 365 170.009
361 359 85.73700000000001
361 129 66.615
362 357 10.085
362 356 177.89399999999998
363 364 9.895
363 350 82.501
364 363 9.895
364 355 101.143
365 189 160.51
365 360 170.009
365 366 50.202
366 366 191.59300000000002
366 366 191.59300000000002
366 365 50.202
367 342 354.05300000000005
79 110